868 64.84741 -147.97638 5.1
1272 54.092285 -128.61646 5.7
1756 55.269768 -128.07437 91.4
6422 61.535084 -149.62167 3.5
7776 64.90278 -147.82834 3.8
15139 61.20771 -149.90163 8.1
15141 61.20642 -149.85521 2.3
15313 61.181957 -149.86296 10.3
16315 64.845314 -147.72636 13.5
16481 54.36268 -128.55585 9.4
16839 64.86033 -147.90488 1.6
16855 64.82484 -147.73065 17.3
16857 64.84252 -147.68135 13.5
16859 64.84879 -147.83615 4.7
16863 64.83823 -147.7102 12.1
16875 64.82585 -147.86102 5.7
16879 64.81819 -147.94937 2.8
16881 64.8594 -147.72672 11.5
17345 64.92465 -148.25845 0.0
18541 64.9064 -147.63498 3.6
18547 64.83289 -147.9022 1.4
18663 64.895004 -147.74683 2.1
18665 64.83856 -147.74178 13.5
18667 64.88145 -147.91472 9.1
18757 64.89222 -147.72755 2.8
20093 64.919334 -147.72893 0.1
21433 64.91943 -147.92935 0.6
21481 64.84331 -147.84102 28.7
22375 71.28883 -156.77849 2.4
22519 64.85771 -147.82253 2.7
22605 63.378548 -143.35883 12.6
22789 71.28895 -156.77892 1.8
22979 64.9423 -147.94789 0.0
23073 64.94702 -147.67053 2.3
23791 64.904526 -147.73097 2.0
23917 64.557274 -149.09262 0.1
23943 64.82082 -147.41585 39.8
24181 61.17391 -149.86006 4.6
24329 60.757717 -135.09352 8.8
24691 64.8457 -147.727 13.8
25025 60.794807 -161.75864 0.0
25199 64.85901 -147.96252 1.6
25989 64.92922 -148.03601 5.3
26015 64.83851 -147.67812 6.5
26415 64.841 -147.72641 14.8
26423 68.62756 -149.59468 0.0
26535 64.88303 -147.43729 4.3
26549 61.066925 -151.14024 11.7
26563 64.89184 -147.84508 3.7
27117 60.777214 -148.69704 0.0
27259 60.719624 -135.05882 2.1
28187 64.893234 -147.78986 0.0
28929 61.721424 -150.04097 0.0
29251 64.67666 -147.08191 0.1
29377 59.324333 -155.90309 0.0
29413 63.92429 -149.08913 0.0
29449 64.83184 -147.74564 0.7
29463 61.181213 -149.79645 2.6
29467 57.052883 -135.35544 1.2
29475 66.896164 -162.58679 0.3
29513 64.83851 -147.71341 1.0
29847 64.84871 -147.83594 0.4
30133 62.299896 -145.30246 1.9
30137 66.56705 -145.23279 0.5
30141 65.15026 -149.34494 0.0
30331 62.913692 -143.72974 8.9
30479 64.839005 -147.71371 13.2
30529 64.87414 -147.81898 9.1
31147 64.74062 -156.87355 0.1
31857 64.7517 -141.05174 0.0
32463 64.89722 -147.58824 2.3
32527 64.92208 -147.8813 2.8
32553 64.90141 -147.75743 3.7
33061 64.85178 -147.8168 10.5
33107 65.70053 -156.39415 40.3
33145 59.638683 -151.48428 0.0
33183 61.631264 -149.8015 1.8
33185 63.408356 -148.88515 0.0
33291 60.960903 -149.13562 5.2
33293 60.486095 -149.84036 0.7
33631 63.72164 -148.96599 0.0
33931 61.133934 -149.93704 10.1
33951 64.97508 -147.61209 0.4
34385 64.93357 -147.81125 0.8
34555 60.20447 -154.30586 0.0
34855 64.759674 -147.40048 24.0
34857 64.91354 -147.87529 5.4
34919 61.188515 -149.80844 0.0
35151 64.76939 -148.04025 0.5
35185 64.85598 -147.79436 9.5
35207 64.83182 -147.74387 7.0
35211 66.89621 -162.58675 0.0
35241 60.71967 -135.05872 2.3
35249 64.057 -139.43248 47.6
35257 57.05298 -135.35532 0.0
35287 64.91161 -147.5684 0.4
35389 64.894035 -147.68353 5.0
36061 60.537685 -150.8043 0.1
36125 61.10612 -146.21748 8.5
36305 64.776634 -147.2581 13.7
36315 64.881256 -147.82672 7.3
36549 71.30135 -156.68994 3.2
37743 60.795143 -161.75746 0.0
38325 60.197346 -154.32236 0.1
39501 64.84607 -147.72823 13.8
39503 64.84583 -147.72763 14.2
39577 65.128 -147.433 0.0
39601 64.84569 -147.72849 0.2
39603 64.84064 -147.72763 16.4
40643 61.189335 -149.80632 0.6
